3
4
5
6
7
8
10
11
12
13
19
20
22
23
24
25
26
27
44
45
48
49
50
51
52
53
54
55
58
64
65
66
67
68
69
70
71
72
73
74
75
81
82
83
92
93
98
99
103
104
105
106
107
108
109
110
111
112
113
114
116
120
121
122
123
124
130
135
136
138
139
140
142
143
144
145
146
147
148
149
150
151
152
156
157
159
160
161
162
163
164
165
166
170
177
178
179
203
204
205
206
213
214
215
216
217
218
219
223
224
225
226
227
228
229
230
231
232
233
234
235
236
237
238
239
240
241
242
243
244
245
246
247
248
249
251
252
253
254
255
256
257
258
259
260
261
262
263
265
266
267
268
269
270
274
275
276
277
278
286
287
288
289
290
291
292
293
294
295
303
304
305
306
307
308
309
313
314
318
319
320
321
322
323
324
336
337
338
339
340
341
342
343
344
345
346
347
348
349
350
353
365
366
367
368
369
370
371
372
373
374
375
376
377
378
379
380
381
382
383
391
392
393
394
398
399
400
401
402
403
404
405
406
408
409
410
415
416
417
418
419
420
421
422
423
424
425
426
427
428
429
436
437
438
439
440
450
451
453
454
455
456
457
458
459
460
461
467
468
478
479
480
481
482
483
484
485
486
487
488
489
490
491
492
493
494
495
496
497
498
499
500
501
502
503
504
505
506
507
514
527
528
529
530
534
535
536
540
541
542
543
544
545
546
547
548
552
553
554
573
574
575
576
577
578
585
586
587
588
589
590
595
596
597
598
599
600
601
602
608
609
610
611
614
615
616
622
623
624
625
626
627
628
629
630
631
632
639
640
641
642
643
646
647
648
649
652
653
655
659
660
661
665
666
667
674
675
682
683
684
685
691
692
695
696
700
701
702
703
704
705
714
715
716
719
720
721
722
723
729
730
735
736
737
738
739
740
741
742
745
746
747
748
749
750
751
752
753
754
755
756
757
758
788
789
790
791
792
793
794
795
796
797
798
799
805
806
807
808
809
815
816
817
818
819
820
824
825
826
827
828
829
830
831
832
847
848
849
853
854
855
856
863
864
865
866
867
868
872
873
874
875
876
877
878
879
880
881
882
883
884
885
886
887
888
889
890
891
892
893
894
895
896
897
898
899
900
901
902
903
904
905
909
910
911
912
913
914
915
916
920
921
922
923
924
925
929
930
931
936
937
938
939
940
941
942
943
944
948
949
950
951
952
953
954
955
956
